1000
20 46 39
69 44 38
3 82 67
54 8 62
31 9 91
55 65 61
48 38 28
98 13 29
29 23 13
9 100 8
74 86 67
51 61 95
72 53 57
45 61 96
59 96 91
53 89 74
94 62 11
17 6 40
70 25 2
84 79 48
81 45 30
67 77 35
53 22 1
90 93 62
49 79 11
66 96 69
47 12 95
83 98 82
16 54 82
6 74 68
7 56 41
24 81 77
89 41 20
44 68 69
96 28 17
50 27 13
4 99 34
94 30 5
59 72 79
38 20 36
81 14 29
100 54 94
43 89 76
43 24 79
19 57 99
35 99 22
80 80 99
66 15 25
88 45 37
66 20 11
53 70 66
19 13 36
99 10 38
32 47 87
54 72 3
3 40 45
22 15 99
45 58 33
79 88 11
11 10 80
11 45 87
59 89 41
52 72 19
43 82 22
8 31 78
7 21 17
57 64 92
77 75 10
96 33 27
93 73 82
15 74 4
7 84 93
84 26 67
87 15 84
53 48 96
74 32 14
91 77 4
65 70 12
68 6 13
45 39 23
100 61 33
35 97 48
34 72 75
72 82 11
16 10 4
4 1 83
29 90 66
90 70 34
44 65 58
0 89 69
36 86 34
27 81 7
31 80 31
28 13 37
79 94 60
34 78 66
12 8 16
43 54 4
28 46 55
17 55 29
91 61 19
16 66 96
92 3 36
38 6 39
26 4 85
35 71 80
7 13 96
81 40 43
11 99 92
62 24 38
57 28 81
79 13 6
79 29 41
42 58 87
61 71 58
11 30 40
67 68 52
85 84 21
62 44 84
45 39 5
73 60 73
60 100 78
75 83 75
95 24 55
10 32 14
5 66 37
76 27 10
91 74 34
22 41 17
99 41 62
85 13 84
28 12 87
31 9 89
29 42 62
15 72 4
57 71 100
81 13 32
100 89 96
64 20 30
17 31 57
29 35 24
42 67 14
9 67 98
76 5 76
91 86 32
10 55 4
58 18 38
42 8 52
28 75 45
0 44 99
82 2 69
8 61 41
19 71 93
16 79 40
65 77 76
46 25 23
48 64 69
99 26 64
50 66 61
4 62 87
75 97 39
3 96 47
60 81 24
16 58 42
66 98 21
81 88 84
82 79 96
34 29 37
42 33 100
85 93 63
89 42 1
11 78 3
30 17 52
100 37 76
25 43 87
56 65 95
1 94 5
59 75 32
67 94 53
84 75 56
95 22 15
92 33 47
57 14 13
36 64 15
65 19 26
100 60 84
4 78 15
21 99 3
78 12 26
58 91 89
1 45 6
66 43 12
53 76 77
52 20 71
50 65 61
92 80 87
41 97 37
97 96 54
76 41 73
42 35 78
37 29 63
31 20 6
11 60 98
7 52 33
14 59 83
0 71 40
41 98 74
49 78 52
86 98 75
67 48 15
85 85 34
57 53 73
98 39 27
66 75 25
76 45 72
47 8 15
44 95 98
20 98 70
6 45 79
78 31 43
34 9 32
24 26 19
63 43 23
88 7 40
16 20 69
34 27 91
6 54 76
66 96 69
29 21 89
56 1 93
5 36 8
33 69 55
30 9 85
30 15 68
68 47 78
33 20 79
37 33 18
65 88 97
12 3 26
5 5 86
93 91 57
5 47 9
28 53 36
13 17 1
34 59 57
53 48 15
67 5 11
56 80 4
84 79 77
32 38 20
91 54 60
31 37 19
54 69 77
36 67 58
28 62 38
79 37 2
83 41 63
27 65 77
62 59 95
34 16 89
28 43 83
14 72 37
12 100 82
93 94 28
54 84 33
52 27 39
2 72 59
43 58 83
51 39 32
92 10 71
32 94 82
32 43 54
79 6 20
1 23 28
16 88 96
32 81 7
48 100 27
45 38 11
50 20 90
4 17 11
60 68 69
93 5 46
75 46 17
91 47 20
51 52 94
91 83 54
100 1 1
84 58 56
73 9 85
51 22 21
97 87 65
55 71 19
85 70 9
91 41 56
84 1 80
100 63 3
80 32 67
18 66 28
2 100 54
35 62 33
31 43 35
89 11 13
50 58 100
34 92 25
95 11 94
22 14 70
31 83 25
74 32 16
13 45 52
73 4 82
20 60 75
64 76 28
100 84 72
93 6 84
53 6 61
21 94 36
97 10 91
67 19 16
31 11 98
71 86 34
80 33 25
61 53 3
36 93 63
74 29 63
35 45 55
25 85 66
95 59 36
61 34 14
27 97 67
8 78 93
5 95 26
3 75 98
73 93 3
38 13 28
0 53 42
57 76 73
46 26 68
20 18 1
40 47 81
19 77 72
61 55 7
73 81 29
100 47 93
27 63 72
82 87 30
44 19 7
32 71 93
99 70 86
19 53 6
31 9 97
33 44 96
4 79 33
91 5 25
14 30 25
100 6 94
82 35 76
35 87 31
95 29 87
83 25 47
71 75 25
99 3 95
44 60 67
69 26 21
65 83 43
37 87 64
99 95 91
49 86 5
72 68 30
41 32 82
49 18 95
55 71 46
85 2 99
49 32 95
75 2 67
23 1 19
2 57 53
84 53 47
73 29 39
87 37 94
79 26 26
33 6 28
4 95 82
24 89 95
5 92 68
31 15 100
35 8 16
54 70 59
55 80 45
60 5 38
97 88 98
65 69 32
88 40 84
55 37 9
22 20 89
25 47 39
66 17 16
19 7 99
17 73 94
77 65 16
90 24 63
94 6 97
57 76 70
13 63 44
62 48 83
9 3 8
64 81 11
30 64 33
96 23 25
13 21 19
55 4 97
61 89 91
85 86 56
38 3 52
10 34 82
63 53 74
2 48 25
78 71 68
61 63 52
84 95 42
58 90 100
39 81 80
48 16 37
45 54 78
75 31 59
74 92 31
2 47 93
82 86 16
25 69 7
1 97 39
51 36 99
98 41 60
56 44 57
41 85 26
79 91 11
78 21 43
27 39 58
23 89 93
35 43 32
41 97 68
44 35 57
67 45 84
34 85 73
30 57 67
83 12 56
95 88 7
73 94 45
90 69 60
11 5 82
51 82 15
73 94 6
61 12 61
46 60 87
65 42 19
54 12 86
45 83 96
56 56 52
14 33 90
58 16 65
69 25 52
69 3 81
74 35 91
98 22 42
23 58 58
46 59 25
47 39 84
41 5 75
100 84 31
47 68 48
61 29 41
4 80 61
90 67 82
57 41 42
41 48 10
36 69 53
15 81 30
48 46 58
85 16 71
44 52 32
17 32 44
89 48 39
98 96 13
14 84 31
64 88 26
13 94 70
36 4 21
91 63 31
35 29 87
29 21 13
35 16 42
10 9 17
37 59 59
34 64 3
17 69 21
56 43 8
28 88 81
53 66 72
13 64 42
23 65 87
19 32 19
79 48 79
24 66 29
0 20 21
29 75 87
52 36 12
45 24 72
71 81 41
45 19 56
0 92 67
81 64 70
82 32 14
7 34 65
68 76 65
20 56 69
6 68 91
22 89 58
53 86 23
54 86 32
81 30 41
69 77 100
62 46 8
59 8 29
7 13 7
4 47 5
70 67 75
42 12 84
83 39 80
38 8 35
19 15 33
65 91 93
68 23 60
32 67 10
62 17 79
96 97 9
95 61 13
32 27 27
68 82 88
61 30 32
82 98 10
67 23 25
49 42 78
4 25 17
15 70 53
57 10 21
97 37 34
19 77 96
83 56 97
41 35 64
94 41 86
91 10 57
20 62 88
91 48 60
74 24 4
62 90 75
77 46 25
41 88 72
4 11 83
94 24 53
100 90 10
0 32 79
30 65 81
42 65 78
51 57 31
90 98 72
75 36 52
86 82 81
14 46 40
87 28 17
9 77 77
43 44 59
63 74 95
66 89 30
13 46 10
5 74 9
73 66 59
86 67 92
80 94 17
61 18 70
7 29 86
82 45 77
20 71 63
23 76 96
82 55 91
79 31 94
2 36 39
24 24 77
47 1 94
97 18 34
79 67 41
64 25 83
5 20 37
37 26 33
16 81 80
17 79 13
8 92 17
100 97 2
73 5 80
70 57 74
20 24 95
98 42 24
90 72 20
61 87 41
19 32 69
89 8 11
7 79 5
32 14 83
84 90 42
77 83 58
37 87 8
34 10 100
4 64 60
6 53 79
86 33 83
99 97 98
6 36 66
28 44 77
5 42 25
3 53 40
5 100 52
29 36 86
89 21 73
47 53 21
30 41 28
21 26 87
69 96 28
23 21 97
86 41 9
40 29 7
20 94 40
57 38 52
99 99 99
57 26 71
68 88 5
37 54 52
13 9 38
48 69 67
47 27 41
91 86 25
22 88 73
52 60 75
97 82 93
92 67 54
97 44 64
7 84 22
74 9 58
21 81 30
12 9 17
26 20 90
25 25 97
54 98 4
99 77 4
23 100 5
79 46 84
50 96 59
10 67 92
11 73 54
67 43 20
31 30 58
72 98 89
92 7 98
61 95 87
23 7 3
12 72 15
67 53 15
54 7 5
31 90 6
76 47 70
82 24 95
16 12 2
94 30 1
80 5 56
84 93 54
4 64 27
79 4 33
58 12 24
98 57 37
83 89 31
3 83 27
8 13 21
23 24 41
48 52 2
66 22 24
92 4 28
52 91 16
95 52 21
40 32 40
75 52 73
34 5 87
35 22 38
43 97 35
65 77 89
35 68 35
88 17 98
17 89 70
52 68 7
32 60 75
10 22 75
20 56 46
92 55 47
0 55 55
21 17 22
56 35 42
93 54 6
14 12 58
99 61 22
25 76 48
4 92 13
14 65 87
67 95 83
34 54 33
39 62 18
19 87 86
76 82 99
94 11 37
98 6 75
28 16 5
93 85 66
17 42 4
29 25 59
26 54 1
55 55 17
19 38 41
30 5 55
55 77 36
39 39 55
45 24 7
14 98 61
36 41 40
25 74 22
77 67 94
55 98 32
74 76 22
10 33 56
76 70 22
49 43 41
39 94 64
55 12 25
14 19 22
20 60 5
0 54 4
49 11 58
26 2 42
63 93 100
10 5 43
44 88 41
51 34 61
30 61 23
45 12 15
54 47 14
67 67 62
3 31 48
78 28 94
82 93 96
73 81 87
50 91 58
37 92 57
84 5 4
67 73 45
96 10 58
87 21 91
87 63 13
80 70 89
2 96 76
85 73 70
81 16 88
34 44 91
93 73 87
46 13 25
13 55 55
48 21 33
15 48 19
4 90 64
79 40 83
18 82 44
33 84 61
88 5 55
29 16 45
32 77 66
3 89 85
1 23 57
8 100 13
33 34 86
16 46 80
95 53 33
19 8 1
52 71 59
52 90 42
16 74 2
39 5 38
43 99 74
85 33 65
4 99 54
6 37 12
21 60 67
78 23 25
56 22 38
29 72 80
55 36 81
12 59 63
29 11 42
7 33 36
16 58 27
20 41 6
31 3 8
57 87 8
36 42 44
1 28 70
23 34 79
95 21 59
24 29 11
71 28 4
16 53 10
28 81 52
70 70 72
75 28 25
87 63 16
8 44 91
43 48 99
85 9 98
35 35 60
93 24 72
75 9 23
66 92 12
84 18 41
0 20 25
75 18 15
10 37 85
100 39 9
28 100 1
37 56 98
86 15 32
87 20 40
88 64 68
84 58 8
19 41 36
10 38 38
78 3 72
28 58 46
31 47 82
23 5 33
33 56 65
73 44 1
37 17 62
74 35 78
91 65 22
88 17 100
85 12 5
31 46 91
11 83 30
42 63 85
66 26 38
46 69 58
62 86 17
96 46 59
23 68 11
6 54 76
85 96 27
54 93 10
22 34 52
50 22 39
59 31 96
62 57 13
67 45 63
99 13 4
40 31 94
11 32 65
91 2 82
35 55 45
13 9 61
28 95 81
4 57 29
100 18 7
70 29 55
63 38 11
33 36 11
11 72 92
16 86 46
84 69 3
29 71 99
83 53 23
36 98 30
42 93 63
75 71 84
6 27 73
99 60 89
55 82 52
23 7 57
71 59 9
90 58 66
51 65 58
5 98 52
75 55 81
56 82 23
51 46 69
14 78 60
64 15 25
16 81 32
60 2 68
57 27 68
92 82 14
80 65 25
67 60 11
80 2 41
39 62 100
78 13 34
40 9 35
17 63 22
46 100 56
97 76 47
98 80 87
84 98 25
43 9 84
96 100 18
63 97 5
87 47 83
88 98 52
21 66 14
17 81 100
63 75 34
91 10 23
70 35 40
65 34 26
1 87 21
87 5 14
55 93 15
66 90 100
57 98 14
8 3 76
100 74 54
72 40 83
82 28 71
60 4 61
67 14 93
86 7 52
94 30 67
95 20 58
78 22 46
40 67 34
11 45 47
13 35 36
33 61 4
57 75 37
1 74 53
75 63 74
41 67 73
54 13 86
84 63 8
8 7 32
83 81 21
25 65 34
2 76 15
36 98 27
17 52 13
12 55 55
62 46 1
62 67 78
84 30 23
31 86 25
94 54 91
47 27 8
12 83 57
44 31 91
90 76 61
67 56 15
85 85 71
42 73 40
56 61 7
41 87 80
95 33 26
88 98 54
66 68 37
38 87 35
96 95 29
24 60 67
1 42 57
30 60 84
87 40 57
0 34 29
2 93 86
47 32 85
63 90 6
8 47 90
68 13 87
34 99 40
94 75 65
69 62 92
98 23 27
98 85 38
63 47 47
49 73 97
30 29 57
36 22 35
65 46 89
20 46 63
82 89 7
20 14 88
5 21 40
66 69 9
68 88 23
16 48 34
15 40 98
